4347
5249
1301
9278
6811
4414
9838
4380
8464
2966
2606
548
8998
3665
2854
405
3509
1439
6706
1125
7276
1119
320
7662
5934
7939
3079
5096
816
8094
5210
7400
2260
65
7121
4619
2905
4566
6083
6432
5455
7291
5715
1305
6146
8703
1861
2275
5593
1528
5741
9148
9760
5340
4976
4190
5607
2183
4694
7283
2327
6528
5232
8021
95
8739
3646
8504
2599
3641
8698
310
3834
6258
6519
1268
256
1303
1702
4760
1848
6245
1510
85
3885
6791
8430
5115
529
758
3726
1398
5293
9690
6872
8829
3332
1154
1206
5329
8748
2119
1774
9032
6628
5450
1161
3645
1973
927
1266
6560
5408
5829
8450
7573
9957
6400
9678
6675
5387
7
9185
8492
3265
7211
4348
6912
9539
5749
3511
1004
7916
347
3578
9322
7512
4262
6195
5004
8255
5947
2969
2969
7841
6416
5878
4574
2223
1955
551
2619
9562
4478
3629
4383
6201
9203
9844
5030
7544
5838
2989
8985
550
7232
5747
7766
3382
3705
5963
6333
5810
3037
8893
2434
3281
2251
1228
4824
1238
9905
8660
5310
1742
4308
6272
4279
4861
7550
7701
9125
5612
8634
1600
9596
2770
6844
5642
2879
3157
7831
6800
4003
9682
2662
3310
8103
328
4603
7058
3130
9396
3077
8847
1841
9375
5922
915
3162
4347
1101
357
6383
6292
7121
6188
6060
8871
339
9563
2959
504
6469
3017
1582
4664
1
6839
2231
6803
9658
1190
8817
8214
9873
8141
1305
48
3412
9972
2890
4184
2963
9622
3979
5059
3536
659
5692
9555
4415
5091
3385
644
502
9423
4499
5903
3042
1578
4506
3931
7438
3882
2646
169
6143
7063
9520
3411
9705
6252
4269
483
3548
4000
2985
1631
3549
7034
519
2746
4291
8612
4307
5691
6593
9147
5551
457
1511
5719
5683
4962
8628
9194
7953
9540
9911
97
2455
2860
3019
7609
4752
2793
7388
2733
5107
2910
6658
8711
4948
6603
795
5196
5039
3768
615
1244
6796
7749
8668
6693
1590
1357
246
8777
9863
9451
4167
1170
7419
3155
3105
2870
2993
4102
9733
4513
8906
1532
5612
7202
9616
2163
6271
435
1582
5881
1925
9285
7681
5587
7151
8691
4629
4472
327
8012
2747
6565
1141
5042
6166
8102
2781
7093
9313
3079
9061
5359
5618
961
2650
4627
9049
7906
1649
2468
8407
4113
2012
4027
1996
3995
9074
4896
5924
8062
4673
1018
4981
6299
4950
9388
6563
1700
9245
3812
3011
840
2123
7653
131
201
148
3682
908
7464
3138
2437
3355
8658
9091
8178
9711
1095
959
8700
3586
7643
8294
6658
854
3804
4618
7128
1076
9378
3923
3065
4233
4270
3235
1847
204
1030
6714
6908
3644
6813
5749
1905
3582
5386
1978
8744
7619
4920
9677
8843
9488
7939
8938
1830
3017
7344
891
8348
5963
2676
7785
3179
7573
8182
706
7976
2198
6722
9059
5878
1125
5979
5369
1139
3231
4117
4217
7950
4084
4537
8913
6186
8909
8847
684
6254
5318
7732
2340
3551
237
7551
8417
9710
3172
3235
7815
2280
3691
7893
7162
2631
2449
4529
1986
9472
9214
6347
1807
7440
4471
936
9878
5003
6233
8117
4240
237
2949
946
923
4349
2395
441
2572
4314
1725
8107
7094
1480
8289
8761
6010
2391
8727
2667
8222
7883
6270
1809
7942
6423
7424
4768
3626
5890
586
6858
5148
3131
9740
4949
4421
6562
6908
3353
4009
6761
2951
2794
7298
7265
8680
5921
9818
1770
3959
6117
9013
9358
3368
9603
276
5568
7523
3846
8688
455
2628
7749
8393
2333
9221
7225
2909
5068
8192
1309
5426
3345
7672
9709
4770
7928
3476
7825
6079
1499
9379
3363
5531
6856
9685
3831
8438
222
8790
6426
2767
2543
4794
3328
1223
525
6381
5440
1038
9194
7870
4500
3538
4904
125
8057
2869
6413
9634
7561
724
2764
1079
4529
7796
5524
1620
9789
8670
8311
5364
2088
7297
1215
5157
2956
5607
514
9663
6683
9749
1734
4110
1435
3926
1833
1451
616
4721
6866
523
4189
5846
1029
823
6635
8577
8498
7250
9466
5197
5397
3304
3792
8226
7826
5530
6347
4281
2617
404
5200
6221
5263
450
319
1190
9192
2606
3513
803
7595
2827
6585
2557
216
7990
2155
6791
4501
1009
7109
6561
3056
5254
3218
5630
4858
3171
8994
7825
3972
9296
5776
4080
8839
8350
5746
5348
6940
9528
5151
7691
4412
1819
934
3177
8986
8209
5820
8941
4432
4169
3810
4362
8226
8106
6203
5745
9144
4874
3383
5318
3921
7827
5027
1019
7399
7856
3613
1668
5667
7453
1674
258
8802
9208
2114
8558
2765
708
395
7886
6788
9353
1063
4531
8815
7042
7932
8585
7630
7606
2891
6809
6704
8117
2155
8849
2922
9563
4888
6460
5289
2084
8051
8583
5892
2091
6570
7176
7881
9099
7489
5070
3959
1628
6883
1286
296
2588
6369
5028
9970
9374
7145
1817
9153
5299
854
1754
9061
9570
5142
3064
6002
4513
5699
8294
776
8806
935
2324
4958
3023
2422
8191
9798
9344
4919
4414
996
5115
3769
4606
6918
5846
1160
3173
1382
3958
379
8628
1061
1124
1857
6239
1913
6229
2483
7789
9246
8037
7054
4583
1982
3266
3631
9600
1298
7204
8866
4923
1613
2348
7016
8436
9846
1231
9457
921
6794
9286
3758
9807
7021
6830
3185
4020
5060
4357
341
7811
5502
4819
3531
3762
8791
7992
2614
9358
3714
963
657
7549
9896
5418
6834
8540
5277
8434
5819
1846
5071
9053
5936
2481
9804
1051
5562
6101
8583
2676
677
47
8888
8730
8282
5555
7185
8640
4585
3613
5458
8188
7195
1329
7693
3591
5819
7707
2416
2395
496
1222
1259
3538
4756
9722
1376
1810
9246
7532
4597
7459
3352
7028
7600
5722
9786
4703
5434
7246
5943
3836
4294
7879
8992
570
8557
1862
1036
348
3829
4866
9796
3414
3234
7354
7567
831
2423
3965
1917
20
8281
3408
2869
5629
4650
9719
400
7477
554
1240
3228
7340
1939
1068
4902
9276
7418
7224
8663
1438
9900
8045
2825
8244
8767
2740
2513
5906
44
790
996
2570
9598
8744
886
9440
9733
9203
6235
5785
7713
484
3222
4049
7795
1073
8771
3805
2483
4566
1043
7826
5357
1522
4171
1592
3146
3406
2520
6023
8010
7634
8630
9228
5844
6056
3479
2574
1187
8969
6917
9803
5747
7744
6975
5644
1383
2549
2161
364
2148
5565
9037
1948
6651
4063
1553
1766
3958
3360
2594
6272
1069
3479
8917
8032
7521
9080
1208
1275
6017
7946
9471
6539
5500
33
1440
6633
3623
7265
3615
6912
1971
2883
1368
3300
8639
3008
8049
5790
3452
7360
5491
3638
8574
2920
5068
8154
7974
1705
5590
8027
5692
1105
5631
6933
2404
7721
7507
7504
5732
2411
2619
1264
1273
7369
5752
449
258
4986
670
3615
6712
2831
9634
2026
9427
1730
1541
6368
9094
9676
7794
231
799
8817
1088
4567
9132
470
7782
2547
4805
9445
4705
4984
8428
8105
1624
8354
4919
6698
5655
8733
4182
1538
7254
4297
5834
8812
1509
2217
1573
2367
5112
3560
9603
3212
7892
8310
635
3897
473
8108
7025
5467
6951
1812
7147
6839
7883
7300
3096
1324
6600
3757
9984
270
3211
9299
2421
4402
1164
8766
7704
1561
7501
6321
5457
8790
2311
3329
3573
8735
1179
4699
8627
6221
792
2170
9008
4181
9003
4992
6711
8536
9584
1035
4305
4521
223
3744
1992
2798
5625
9316
9301
2460
5122
6657
4308
3535
461
356
7038
3173
8597
641
3413
2406
3656
2498
1579
960
3703
4870
8660
9822
5458
396
1078
2554
160
3396
2324
4849
2177
3235
1122
916
7047
5057
2713
9678
1247
5777
9828
6051
4330
8193
9109
6826
850
2238
2794
2732
2293
9435
8723
2045
201
3288
4840
3246
6940
6948
1775
7922
1876
7751
5888
448
8797
9419
259
1738
3838
4272
5792
4867
4754
2850
1335
9454
1679
1630
6311
9441
7639
97
8954
4155
5676
1608
3955
5977
9222
284
2696
8086
2313
3168
6443
858
9962
8161
7897
670
2758
6607
7875
8971
2650
8894
9957
9525
7465
8525
6652
9307
6673
3128
8965
7509
5512
769
8705
8033
9306
8049
5509
1927
4617
4341
4635
4782
2824
8823
666
9914
3976
1348
9145
8354
624
6515
4918
6908
1056
2970
723
2186
433
736
1767
2888
8641
4211
8191
7871
3205
3142
4410
9499
53
5287
1944
3387
4288
3653
955
5369
9390
8195
2537
2525
5359
8137
3654
2948
703
8172
6952
3927
3265
3161
2764
9753
7180
6472
3972
4825
1234
3521
3460
9059
8420
8967
2502
5686
8032
963
5067
1612
3986
4152
1886
6849
1785
6318
9082
5705
3241
302
3253
5869
8400
8842
1435
2480
6567
5546
4672
3007
6240
7228
4284
1870
1412
3738
8650
4551
2910
6420
8939
3104
16
5936
886
2487
7812
6826
6709
8176
290
8698
9883
738
1618
3427
786
7473
541
4879
7896
6834
198
7662
8773
4469
8092
7137
271
8794
5100
1463
1796
8398
8165
1693
6291
3820
31
3785
5851
1213
810
3054
9245
5855
3441
8249
8418
1852
8964
5727
6861
4784
3345
6291
8789
8549
5032
4951
8809
862
3272
3840
6789
7192
2784
1099
2564
2695
1365
7057
4290
7765
2853
3159
1952
6246
8338
570
1822
3030
2635
2685
9229
9085
2175
8844
9792
5074
7775
9003
1815
318
3968
8487
1712
7934
2466
1832
7533
9080
8319
4925
7317
8860
5489
8858
2508
7237
3528
2515
995
2017
2815
360
652
693
4579
6497
9309
3854
6675
4824
2991
2147
6773
812
1043
3946
8506
614
3809
6382
5853
2541
3173
2000
9637
3635
9367
2345
497
5006
6346
8690
1282
1354
4548
7752
5209
9752
7171
8425
7580
3144
9799
8386
2926
7608
1585
2555
2994
909
6611
5336
1868
7549
6403
3460
1237
8731
2741
7699
1492
6859
1760
791
7531
6174
9319
2576
2313
541
9228
705
3380
4803
9802
1353
6180
9845
9409
1085
2379
4106
4396
6877
383
9297
8678
9446
1448
9487
6224
9024
6574
8094
532
7345
1898
7981
1515
2410
1266
1339
5265
3416
2832
9755
9690
4818
3565
9292
6896
9666
2013
3845
3460
8460
4331
2297
4294
1471
9977
4391
752
3290
6732
4880
2404
3354
6636
7114
5376
6263
3083
8195
1490
8731
4572
4613
3897
777
8407
9462
5682
912
5086
586
9651
6638
7042
7295
4230
6279
4357
972
3754
4003
5397
8695
8588
2140
9948
1230
1815
3354
9650
2917
456
1465
9480
3494
1796
4461
2168
9298
2926
2600
4424
8237
5421
939
2270
5497
5661
462
9133
1135
349
3309
2779
2799
345
9269
3662
3362
5670
9807
3921
4873
3390
6350
4998
4952
4775
646
6387
911
8100
6708
5722
1026
8319
7806
6145
9635
2763
1302
6656
1981
4340
8830
465
2645
2306
8422
59
2058
8085
2621
2239
7330
7803
9524
8883
8974
6503
6821
3439
1701
5248
8724
7952
6758
4807
929
1186
6807
545
3379
744
2846
6653
9464
227
641
9064
5341
1533
7287
4187
2984
6221
4487
745
2264
5978
2522
9253
7654
628
2113
6568
372
8445
3829
2284
5983
7646
3552
8583
4351
9018
2419
3849
5131
6597
253
5704
7524
9419
6264
4265
93
3522
5510
8427
1101
5518
2390
9684
925
4192
2676
2039
6916
1920
28
2915
4479
142
6531
525
2478
4549
1785
3809
6281
8765
3092
1344
335
3202
2599
1590
9996
59
3553
4991
2010
6042
427
3337
6918
2308
9909
3308
6514
5257
9701
1344
1728
9764
524
8618
8705
8365
1083
3638
4089
7621
9152
7959
1319
8105
9965
2672
1427
9218
6114
7384
2668
7315
3626
4559
9272
3704
5824
7954
9048
2978
1323
976
9327
4404
5574
6426
2653
1545
8847
7482
3662
1029
2981
1919
4458
9528
6929
1705
9101
6839
3897
1816
4975
5557
5503
2700
1454
371
5225
6420
5634
2795
3743
1699
950
5933
8211
6592
9933
1121
6832
3825
8234
7491
9777
8974
1254
8025
8477
6653
5085
8604
9932
4155
5907
9977
184
9415
1458
2942
123
6299
8689
2944
6056
1858
231
8847
1527
4339
914
5862
4574
9469
2827
5871
1999
9479
7449
5742
836
2779
5175
1306
4750
4871
8654
5068
5332
87
3197
2320
6263
3114
1594
6343
2625
9511
7628
6817
8549
9820
2477
4777
6993
8672
6460
6760
2399
1385
5196
5548
3010
7510
4730
6242
9663
2804
3955
1770
4833
7149
8280
6136
2167
7358
4601
4384
948
1167
9374
9658
923
7798
644
8462
639
7892
8721
5587
5403
2697
2527
4860
6210
876
3813
4334
6388
8870
1209
2224
1116
4566
1252
2534
2730
9901
1419
786
3299
6295
1895
4945
3074
7829
1877
8048
9761
2158
279
592
4904
5988
6619
3534
7543
8379
9642
1208
8794
463
7053
2314
3998
9617
4135
8787
9656
714
9590
8314
6899
2040
9679
5442
3028
409
5540
3471
7476
1666
9635
4719
8268
5636
8947
4007
7296
205
8341
8327
3452
2070
2631
5657
9150
9081
3060
9684
7802
7831
5070
6929
7865
6655
2916
1193
4110
3619
3659
5821
9219
2144
6532
1569
9964
6036
4542
9804
5075
8857
1562
6513
1225
3824
4319
753
944
556
3421
2618
2404
4510
8453
4522
5844
4230
761
6623
5469
1417
1855
3899
5612
6526
5939
6073
3580
9294
9317
131
1403
1756
8376
3093
4130
7364
9308
8530
7075
9556
2506
2742
6812
2826
783
2596
2429
2735
55
9569
9153
8910
4333
6726
5439
7164
554
2456
4832
4972
699
7933
4941
2256
657
6033
2453
6681
3857
5473
9714
8997
645
1284
301
8994
7773
1293
7014
2285
6415
5609
331
1713
2195
7029
4531
2578
930
1813
8343
3637
6334
9712
5463
7015
228
9240
89
1376
1807
4715
3052
2597
7698
9627
443
7551
4699
5566
9674
4262
4819
7855
6517
9849
2584
2825
1804
9364
4130
7777
819
3828
8259
3424
2156
4697
2223
6232
2577
9806
6840
8106
1686
7438
2354
5465
4461
240
771
9108
9332
9882
7462
3898
9644
8172
3304
4598
4152
477
9704
1784
5049
2532
3774
8930
3359
4588
4236
2817
120
5410
8517
1122
5396
1210
8147
6591
6509
5111
3111
4529
2173
8246
6489
9308
663
6728
5819
2727
7411
4682
8809
4284
3235
5853
3448
4648
9185
52
9542
5397
1939
5110
7466
5259
9369
4321
5231
8425
5030
3550
8035
4824
2125
3831
472
3176
4856
9814
5395
5895
8
7757
5255
4465
6851
3467
1995
4313
3709
3771
8541
1018
3453
6850
2193
2940
6208
2361
9162
7796
8969
6466
5188
4322
496
4845
2834
998
2591
6313
6882
1133
5325
249
6162
4838
5029
1617
7659
7789
5437
2429
7218
6291
6152
3223
9349
8063
8788
7752
3279
1260
8967
6236
6830
9844
3073
3955
6943
5010
5705
1991
2238
2390
2722
7299
1022
8668
1052
3713
8791
1975
3811
8871
9812
2365
19
4561
8070
7978
8708
1757
6724
9171
1726
7519
3203
8110
2069
5857
1292
3206
2568
2772
7227
4254
8365
6861
2031
2250
6881
256
6769
9013
1047
2335
4965
7694
8641
9949
1013
1885
6376
4586
3904
7233
4753
882
1971
906
4451
6944
2153
8280
6312
7015
1721
7453
2253
7057
7924
6797
6576
6663
2875
4872
4047
1837
3638
9020
386
3684
3786
3128
2091
5868
4193
3808
8868
6379
5115
3556
503
2875
8743
6824
7439
9869
2705
2735
7507
7320
6929
1943
987
7958
4466
8183
7598
2247
3242
432
4446
7224
7823
7887
6895
4296
9558
1470
3262
8273
4999
564
5539
8538
2340
1175
7429
7403
3341
2211
6931
7298
5673
6404
5154
3531
4596
9741
7367
5367
9714
359
5085
8725
5188
2093
6560
6565
5946
2152
4000
3827
9265
6228
5384
4553
1460
3690
6732
4192
8742
4767
756
3368
7987
9179
5319
5822
354
5492
5271
2930
8268
7705
6154
1597
9777
6122
5075
2233
7991
9773
3700
9423
580
6747
1172
1845
9881
5530
9153
8518
3511
9723
1375
4781
6724
3587
20
3076
1717
4507
4916
9990
9926
4062
7636
3889
725
628
2634
5442
5316
7544
7108
732
7087
227
2826
7075
1515
7375
4140
9652
8427
2402
9540
4172
1658
2936
8636
650
6654
8565
200
2382
5351
9093
4311
8852
2220
9398
952
398
5409
2761
8930
6211
7989
8778
4000
3982
9526
5150
9795
4126
7520
2852
3232
4468
7447
2249
480
3151
5676
1836
3214
2715
4760
6586
782
6321
6313
6562
9572
3997
1610
9786
5112
6211
911
368
7572
9113
103
5810
537
2721
1075
9123
2038
7718
5520
7315
5965
8352
1847
2463
8239
7695
9448
6133
8897
6657
5940
2991
9488
6241
9823
8072
1268
9236
892
3851
6423
3170
4816
294
7657
5649
7930
8589
8788
3842
3293
4113
1540
8419
1823
4237
5328
6424
4780
6272
1536
7366
3900
3817
4532
2408
7902
8388
9666
3815
4657
5118
4471
3514
6249
8700
9915
5998
6940
6005
4829
1306
1122
2319
4549
4579
2921
6647
5685
6010
2947
3245
2041
4730
5568
6206
3600
4373
1895
5443
6880
463
7606
5054
5151
4439
640
9385
1915
6785
4516
7140
923
9869
903
8121
778
9597
4458
3157
8190
2968
7960
9362
8630
1354
8636
425
7901
2024
2511
589
8935
3081
8248
4308
6120
8888
9992
5687
3336
1146
2387
8359
969
6334
2408
8644
552
6127
8076
6203
757
2211
2853
8839
7192
5477
907
76
7175
5502
6280
9046
8186
4464
5340
5544
9759
6582
3322
1180
4543
5858
367
8266
3515
223
4501
8153
3511
1024
8293
4226
5785
6740
3463
2165
943
1610
6500
2395
5552
5071
8021
9071
8772
5859
8168
5457
1255
7904
4467
383
9335
7993
3671
7437
6098
4611
4100
3704
1624
8183
4216
5425
146
7576
8712
7171
4139
1849
1953
938
1474
1531
9091
7035
5960
8758
4915
4560
4944
3395
876
8795
5649
2740
4133
2679
9529
4711
2457
1199
1972
8982
7943
816
9854
2519
2366
5857
5891
6646
5645
